483,-0.001218,0.001585,-0.000043
498,-0.000847,-0.001115,0.001428
501,-0.001144,-0.001177,0.001074
502,-0.001357,-0.001155,0.000804
503,-0.001291,-0.000609,0.001319
504,-0.001607,-0.000196,0.001156
505,-0.001752,-0.000333,0.000783
506,-0.001512,-0.000687,0.000975
507,-0.001499,-0.001153,0.000588
508,-0.001648,-0.000939,0.000281
509,-0.001927,-0.000174,0.000480
510,-0.001866,-0.000185,0.000673
511,-0.001958,0.000011,0.000273
512,-0.001954,0.000268,-0.000241
513,-0.001886,0.000133,-0.000536
514,-0.001989,-0.000017,0.000099
515,-0.001608,0.000230,-0.001135
516,-0.001569,0.000664,-0.000639
517,-0.000889,0.001170,-0.001224
518,-0.001052,0.000519,-0.001522
519,-0.000307,0.000409,-0.001889
520,-0.000101,0.000763,-0.001786
521,0.000385,0.000552,-0.001871
522,0.000127,0.000288,-0.001943
523,0.000059,0.000106,-0.001981
524,0.000082,0.000513,-0.001859
525,-0.000049,-0.000163,-0.001980
526,-0.000338,-0.000078,-0.001947
527,-0.000645,0.000008,-0.001850
528,-0.001049,0.000122,-0.001661
529,-0.001500,0.000011,-0.001275
530,-0.001843,0.000023,-0.000746
531,-0.001959,-0.000112,-0.000150
532,-0.001931,-0.000347,0.000262
533,-0.001959,-0.000314,0.000040
534,-0.001921,-0.000328,-0.000309
535,-0.001767,-0.000223,-0.000852
536,-0.001432,-0.000267,-0.001331
537,-0.000989,-0.000259,-0.001697
538,-0.000555,-0.000315,-0.001870
539,-0.000201,-0.000393,-0.001919
540,-0.000355,-0.000749,-0.001790
541,-0.000817,-0.000678,-0.001674
542,-0.001091,-0.000590,-0.001547
543,-0.001424,-0.000540,-0.001254
544,-0.001702,-0.000532,-0.000863
545,-0.001834,-0.000551,-0.000496
546,-0.001795,-0.000502,-0.000718
547,-0.001643,-0.000485,-0.001016
548,-0.001694,-0.000219,-0.000999
549,-0.001863,-0.000243,-0.000671
550,-0.001327,-0.000499,-0.001405
551,-0.001452,-0.000256,-0.001317
552,-0.001199,-0.000367,-0.001535
553,-0.001057,-0.000627,-0.001565
554,-0.000794,-0.000236,-0.001797
555,-0.000747,-0.000650,-0.001731
556,-0.000257,-0.000552,-0.001891
557,-0.000314,-0.000061,-0.001952
558,-0.000002,0.000585,-0.001913
559,-0.000406,0.000981,-0.001667
560,-0.000469,0.000382,-0.001878
561,-0.000938,0.000241,-0.001730
562,-0.000969,0.000796,-0.001521
563,-0.001461,0.000313,-0.001289
564,-0.001372,-0.000047,-0.001434
565,-0.001679,-0.000143,-0.001060
566,-0.001765,0.000081,-0.000908
567,-0.001896,-0.000083,-0.000626
568,-0.001808,-0.000135,-0.000784
569,-0.001922,0.000070,-0.000528
570,-0.001938,0.000117,-0.000417
571,-0.001930,0.000199,-0.000445
572,-0.001969,0.000084,-0.000243
573,-0.001936,0.000123,-0.000397
574,-0.001882,0.000116,-0.000639
575,-0.001886,0.000394,-0.000462
576,-0.001794,0.000287,-0.000822
577,-0.001534,0.000769,-0.000974
578,-0.001753,0.000820,-0.000367
579,-0.001361,0.001306,-0.000517
580,-0.001033,0.001245,-0.001123
581,-0.000843,0.001669,-0.000656
582,-0.000500,0.001752,-0.000771
583,-0.000275,0.001370,-0.001420
584,-0.000651,0.001398,-0.001247
585,0.000033,0.001774,-0.000871
586,0.000034,0.001510,-0.001294
587,-0.000347,0.001607,-0.001135
588,-0.001997,-0.000015,0.000081
589,-0.001977,-0.000097,0.000214
590,-0.001986,0.000200,0.000101
591,-0.001975,0.000229,-0.000077
592,-0.001926,0.000535,0.000004
593,-0.001933,0.000452,0.000203
594,-0.001799,0.000820,0.000192
595,-0.001743,0.000962,-0.000094
596,-0.001525,0.001235,0.000240
597,-0.001509,0.001288,-0.000062
598,-0.001090,0.001661,-0.000093
599,-0.001238,0.001508,0.000354
600,-0.000793,0.001795,0.000221
601,-0.000662,0.001861,-0.000294
602,-0.000332,0.001960,-0.000117
603,-0.000292,0.001908,-0.000488
604,0.000116,0.001948,-0.000429
605,0.000102,0.001972,-0.000172
606,0.000027,0.001965,0.000231
607,-0.000525,0.001873,0.000396
608,-0.001965,-0.000217,0.000257
609,-0.001948,-0.000209,0.000359
610,-0.001953,0.000052,0.000413
611,-0.001967,0.000126,0.000263
612,-0.001810,0.000663,0.000484
613,-0.001936,0.000346,0.000337
614,-0.001883,0.000318,0.000581
615,-0.001737,0.000621,0.000745
616,-0.001591,0.000854,0.000817
617,-0.001576,0.001104,0.000517
618,-0.001241,0.001399,0.000669
619,-0.001289,0.001078,0.001022
620,-0.000986,0.001304,0.001103
621,-0.000886,0.001629,0.000720
622,-0.000554,0.001721,0.000830
623,-0.000644,0.001385,0.001252
624,-0.000406,0.001433,0.001288
625,0.000039,0.001768,0.000887
626,-0.000368,0.001787,0.000779
627,-0.000262,0.001909,0.000522
628,0.000151,0.001900,0.000567
629,-0.001919,-0.000071,0.000509
630,-0.001899,0.000146,0.000578
631,-0.001864,0.000157,0.000674
632,-0.001884,0.000002,0.000635
633,-0.001784,0.000211,0.000875
634,-0.001836,0.000243,0.000742
635,-0.001712,0.000365,0.000952
636,-0.001642,0.000516,0.000997
637,-0.001643,0.000607,0.000945
638,-0.001742,0.000424,0.000876
639,-0.001319,0.000678,0.001330
640,-0.000901,0.000720,0.001622
641,-0.001372,0.000858,0.001160
642,-0.001015,0.001005,0.001394
643,-0.000639,0.000981,0.001614
644,-0.000482,0.000683,0.001814
645,-0.000267,0.000741,0.001835
646,-0.000355,0.001012,0.001684
647,-0.000016,0.000918,0.001765
648,-0.000039,0.000578,0.001909
649,0.000263,0.000712,0.001845
650,-0.000136,0.001308,0.001504
651,0.000244,0.001169,0.001593
652,-0.001874,-0.000545,-0.000166
653,-0.001786,-0.000659,0.000030
654,-0.001901,-0.000594,-0.000128
655,-0.001724,-0.000883,0.000157
656,-0.001966,-0.000246,0.000213
657,-0.001979,-0.000200,-0.000060
658,-0.001968,-0.000269,0.000130
659,-0.001955,-0.000301,-0.000252
660,-0.001568,-0.000949,0.000709
661,-0.001806,-0.000430,0.000723
662,-0.001907,-0.000179,0.000520
663,-0.001961,-0.000136,0.000259
664,-0.001960,-0.000192,0.000340
665,-0.001976,-0.000223,0.000151
666,-0.001975,-0.000025,0.000295
667,-0.001909,0.000038,0.000577
668,-0.001846,-0.000081,0.000712
669,-0.001865,-0.000339,0.000583
670,-0.001724,-0.000453,0.000901
671,-0.001751,-0.000096,0.000928
672,-0.001448,-0.000314,0.001288
673,-0.001431,-0.000741,0.001159
674,-0.001508,-0.000649,0.001106
675,-0.001677,-0.000547,0.000924
676,-0.001505,-0.000703,0.001111
677,-0.001441,-0.000701,0.001166
678,-0.001544,-0.000864,0.000879
679,-0.001472,-0.000984,0.000874
680,-0.001265,-0.001320,0.000762
681,-0.001365,-0.001199,0.000625
682,-0.001067,-0.001496,0.000623
683,-0.000860,-0.001633,0.000622
684,-0.000807,-0.001776,0.000294
685,-0.001310,-0.001448,0.000374
686,-0.000327,-0.001946,0.000245
687,0.000119,-0.001976,0.000215
688,-0.000475,-0.001690,0.000717
689,0.000167,-0.001813,0.000558
690,-0.000001,-0.001858,0.000661
691,-0.000631,-0.001782,0.000518
692,-0.001082,-0.001568,0.000490
693,-0.001440,-0.001274,0.000473
694,-0.001696,-0.000875,0.000531
695,-0.001721,-0.000588,0.000736
696,-0.001703,-0.000410,0.000889
697,-0.001619,-0.000340,0.001063
698,-0.001403,-0.000451,0.001313
699,-0.001120,-0.000267,0.001602
700,-0.000858,0.000304,0.001766
701,-0.000723,-0.000110,0.001830
702,-0.001038,-0.000462,0.001600
703,-0.000553,0.000510,0.001847
704,-0.000812,0.000647,0.001634
705,-0.000986,-0.000039,0.001719
706,-0.000665,-0.000012,0.001810
707,-0.001164,0.000407,0.001446
708,-0.001156,0.000972,0.001248
709,-0.001377,0.000836,0.001127
710,-0.001385,0.000392,0.001343
711,-0.001340,0.000664,0.001232
712,-0.001204,0.001175,0.001026
713,-0.000792,0.001103,0.001388
714,-0.000894,0.000842,0.001502
715,0.000180,0.001057,0.001659
716,-0.001361,-0.000398,0.001369
717,-0.001564,-0.000404,0.001139
718,-0.001573,-0.000545,0.001085
719,-0.001644,-0.000591,0.000944
720,-0.001560,-0.000757,0.000973
721,-0.001343,-0.000870,0.001132
722,-0.000979,-0.000999,0.001344
723,-0.000367,-0.001298,0.001366
724,0.000127,-0.001054,0.001581
725,-0.000955,0.001123,0.001266
726,-0.000606,0.001449,0.001163
727,-0.000443,0.001387,0.001182
728,-0.000027,0.000821,0.001485
729,-0.000055,0.001102,0.001462
730,-0.000396,0.000739,0.001626
731,-0.000170,0.000068,0.001895
732,-0.000394,0.000391,0.001743
733,-0.000678,0.000468,0.001647
734,-0.000867,0.000500,0.001615
735,-0.000744,0.000191,0.001833
736,-0.000670,0.000132,0.001767
737,-0.000754,0.000292,0.001735
738,-0.000840,0.000485,0.001682
739,-0.001036,0.000540,0.001613
740,-0.001210,0.000573,0.001472
741,-0.001335,0.000149,0.001446
742,-0.000932,0.000888,0.001495
743,-0.000950,0.000684,0.001495
744,-0.000987,0.000541,0.001527
745,-0.000473,0.001202,0.001373
746,-0.000136,0.001025,0.001378
747,-0.000710,0.000106,0.001747
748,-0.000859,-0.000028,0.001691
749,-0.000790,0.000355,0.001643
750,-0.000314,0.001169,0.001296
751,-0.001829,0.000127,0.000778
752,-0.001660,-0.000059,0.001096
753,-0.001368,-0.000414,0.001308
754,-0.001772,0.000110,0.000830
755,-0.001660,0.000359,0.001048
756,-0.001573,0.000307,0.001180
757,-0.001377,0.000717,0.001241
758,-0.001480,0.000789,0.001060
759,-0.001159,0.001037,0.001212
760,-0.001294,0.000928,0.001041
761,-0.001448,0.000725,0.001000
762,-0.000798,0.001435,0.000889
763,-0.001132,0.001101,0.001179
764,-0.001123,0.001037,0.001033
765,-0.001441,0.000827,0.000818
766,-0.000898,0.001488,0.000620
767,-0.001025,0.001040,0.000550
768,-0.001466,0.000494,0.000611
769,-0.001069,0.000322,0.001223
770,-0.001562,0.000186,0.001024
771,-0.000678,0.000066,0.000768
772,-0.001052,-0.000219,0.001259
773,-0.000867,-0.000572,0.001524
774,-0.000797,0.000051,0.001253
775,-0.000632,-0.000665,0.001453
776,-0.000722,-0.000488,0.001322
777,-0.001098,-0.000465,0.001517
778,-0.001755,-0.000058,0.000939
779,-0.001850,0.000152,0.000638
780,-0.000685,-0.000752,0.001465
781,-0.000728,-0.000556,0.001297
782,-0.000849,-0.000724,0.001534
783,-0.001608,-0.000034,0.001146
784,-0.001826,0.000334,0.000714
785,-0.001828,0.000211,0.000662
786,-0.001880,0.000178,0.000525
787,0.000392,0.001053,0.001320
788,0.000357,0.000794,0.001506
789,-0.000200,0.001211,0.001254
790,-0.000671,0.001215,0.001155
791,-0.001206,0.001146,0.000979
792,-0.001444,0.001020,0.000826
793,-0.001568,0.001012,0.000434
794,-0.001491,0.000930,0.000375
795,-0.000703,0.000728,0.001005
796,-0.000242,0.000954,0.001070
797,-0.001514,0.000083,0.000763
798,-0.001150,0.000228,0.001459
799,-0.000576,0.000558,0.001811
800,-0.000760,0.000741,0.001524
801,0.000361,0.000635,0.001842
802,0.000097,0.000532,0.001827
803,-0.000051,0.000156,0.001892
804,-0.000289,0.000216,0.001921
805,-0.000593,0.000096,0.001776
806,-0.001209,-0.000215,0.001504
807,-0.000587,-0.000122,0.001770
808,-0.000547,-0.001105,0.001556
809,-0.000656,-0.001591,0.000838
810,-0.000277,-0.001352,0.000843
811,-0.000360,-0.001286,0.001437
812,0.000153,-0.001193,0.001375
813,0.000152,-0.000893,0.001185
814,-0.000960,-0.001365,0.000572
815,-0.000935,-0.000857,0.001202
816,-0.001444,-0.000061,0.000348
817,-0.001127,-0.000232,0.000692
818,-0.000359,-0.000242,0.001445
819,-0.000467,-0.000977,0.001476
820,-0.000809,-0.001358,0.000974
821,-0.000577,-0.000262,0.001788
822,-0.000896,-0.000320,0.001648
823,-0.000721,-0.001452,0.000894
824,-0.000396,-0.000954,0.001111
825,-0.000594,-0.001328,0.001165
826,-0.000078,-0.000855,0.001031
827,-0.000595,-0.000988,0.001366
828,-0.000496,-0.000596,0.001403
829,-0.000665,-0.001115,0.001373
830,-0.001010,-0.000333,0.001635
831,-0.001124,-0.000257,0.001565
832,-0.000547,-0.001404,0.001199
833,-0.000651,-0.000996,0.001208
834,-0.000284,-0.001674,0.000928
835,-0.000686,-0.001244,0.001067
836,-0.000932,-0.000961,0.001077
837,-0.001061,-0.001015,0.001236
838,-0.001526,-0.000152,0.001233
839,-0.000609,-0.001057,0.001277
840,-0.001516,-0.000170,0.001218
841,-0.000583,-0.001137,0.001130
842,-0.000614,-0.000864,0.001074
843,-0.001539,0.000524,0.001092
844,-0.001755,0.000323,0.000801
845,-0.001737,0.000433,0.000787
846,-0.001573,0.000575,0.001007
847,-0.001138,0.000672,0.001471
848,-0.001026,0.000504,0.001620
849,-0.000745,0.000557,0.001743
850,-0.000729,0.000835,0.001626
851,-0.000518,0.000645,0.001803
852,-0.000410,0.000608,0.001849
853,-0.000238,0.000599,0.001883
854,-0.000150,0.000530,0.001910
855,-0.000010,0.000693,0.001859
856,0.000035,0.000726,0.001824
857,-0.000766,-0.000001,0.001795
858,-0.001347,-0.000173,0.001041
859,-0.001891,0.000179,0.000620
860,-0.001112,0.000245,0.001060
861,-0.001313,0.000275,0.001072
862,-0.001727,0.000446,0.000763
863,-0.001585,0.000813,0.000815
864,-0.001472,0.000355,0.000963
865,-0.000890,-0.000181,0.001744
866,-0.000888,0.000050,0.001765
867,-0.000907,0.000013,0.001714
868,-0.000939,-0.000580,0.001467
869,-0.001441,-0.000710,0.001012
870,0.000079,-0.001282,0.000992
871,0.000348,-0.000643,0.001426
872,-0.000945,0.000128,0.001710
873,-0.000686,-0.000115,0.001672
874,-0.000027,0.000555,0.001808
875,-0.000904,0.000245,0.001253
876,-0.000651,-0.000648,0.001490
877,-0.000270,-0.000100,0.001763
878,-0.001042,-0.000724,0.001145
879,-0.001477,0.000399,0.000711
880,0.000018,-0.001680,0.000787
881,0.000344,-0.000290,0.001787
882,-0.001079,-0.000037,0.001663
883,-0.001529,-0.000470,0.000925
884,-0.001440,-0.000364,0.001018
885,-0.001332,-0.000333,0.001096
886,-0.001406,0.000875,0.001113
887,-0.001418,0.000795,0.001038
888,-0.000679,0.000940,0.001598
889,-0.000749,0.000759,0.001613
890,-0.000827,-0.000424,0.001484
891,0.000120,0.000819,0.001748
892,0.000017,-0.000623,0.001742
893,-0.000236,-0.001597,0.000344
894,-0.000387,-0.001623,0.000095
895,-0.000839,-0.001510,0.000251
896,-0.000806,-0.001467,0.000905
897,-0.000013,-0.001597,0.001112
898,-0.000181,-0.001532,0.000970
899,-0.001329,-0.001378,0.000230
900,-0.001209,-0.001068,-0.000681
901,-0.001081,-0.000288,0.001644
902,-0.001203,-0.000284,0.001542
903,-0.001261,-0.000405,0.001486
904,-0.001163,-0.000544,0.001495
905,-0.001284,-0.000435,0.001427
906,-0.001324,-0.000245,0.001442
907,-0.001174,-0.000110,0.001588
908,-0.000859,-0.000118,0.001769
909,-0.000516,-0.000218,0.001844
910,0.000142,-0.000040,0.001946
911,-0.000528,0.000510,0.001839
912,-0.000372,0.000160,0.001800
913,-0.000956,-0.000249,0.001719
914,-0.000975,0.000200,0.001635
915,-0.001246,0.000200,0.001506
916,-0.001131,0.000119,0.001603
917,-0.001235,0.000003,0.001541
918,-0.001048,-0.000086,0.001651
919,-0.001125,0.000075,0.001595
920,-0.001148,-0.000135,0.001550
921,-0.000967,-0.000041,0.001694
922,-0.000580,0.000087,0.001807
923,-0.001000,-0.000131,0.001676
924,-0.001023,-0.000017,0.001697
925,-0.000815,-0.000410,0.001738
926,-0.000602,-0.000490,0.001694
927,-0.000991,-0.000006,0.001679
928,-0.000968,-0.000065,0.001695
929,0.000163,0.000120,0.001939
930,-0.000247,-0.000568,0.001672
931,-0.000800,-0.000274,0.001770
932,-0.001261,0.000117,0.001537
933,-0.001274,0.000504,0.001390
934,-0.001066,0.000700,0.001416
935,-0.000453,0.000124,0.001628
936,-0.000156,-0.000473,0.001593
937,-0.000638,-0.000570,0.001726
938,-0.000834,-0.000326,0.001751
939,-0.000920,-0.000160,0.001739
940,-0.000896,-0.000058,0.001760
941,0.000108,-0.000225,0.001842
942,0.000005,-0.000119,0.001996
943,-0.000381,-0.000324,0.001608
944,-0.000926,-0.000971,0.001420
945,-0.000856,-0.001257,0.001212
946,-0.000670,-0.001465,0.001069
947,-0.000139,-0.001726,0.000654
948,0.000273,-0.001879,0.000258
949,0.000198,-0.001785,0.000734
950,-0.000030,-0.001734,0.000643
951,-0.000309,-0.001585,0.001118
952,-0.000248,-0.001361,0.001414
953,0.000001,0.000423,0.001955
954,-0.000608,0.000615,0.001637
955,-0.000705,-0.000442,0.001694
956,-0.001022,0.000084,0.001560
957,-0.001011,0.000983,0.001340
958,-0.001181,0.001109,0.000980
959,-0.001379,0.000571,0.001237
960,-0.001145,0.001076,0.001116
961,-0.000892,0.001500,0.000712
962,-0.000186,0.001831,0.000541
963,-0.000511,0.001749,0.000447
964,-0.001758,-0.000550,0.000116
965,-0.001803,-0.000645,-0.000132
966,-0.001502,-0.000827,-0.000398
967,-0.001504,-0.000952,0.000269
968,-0.001623,-0.000041,0.001110
969,-0.001808,-0.000131,0.000375
970,-0.001945,-0.000332,0.000049
971,-0.001994,-0.000100,0.000074
972,-0.001968,0.000020,-0.000084
973,-0.001938,0.000021,0.000137
974,-0.001741,0.000283,0.000350
975,-0.001870,-0.000614,-0.000097
976,-0.001610,0.000136,0.000251
977,-0.001337,0.000916,0.000921
978,-0.000844,-0.001539,-0.000765
979,-0.001444,-0.000824,-0.000386
980,-0.001315,-0.000868,-0.000667
981,-0.000543,-0.001438,-0.001223
982,-0.000546,-0.000796,-0.001716
983,-0.001006,-0.000791,-0.000972
984,-0.001292,-0.001094,0.000126
985,-0.001393,-0.000678,0.000078
986,-0.001355,-0.000618,-0.000305
987,-0.001338,-0.000260,-0.000643
988,-0.000439,-0.000042,-0.001930
989,-0.001147,-0.000210,-0.001069
990,-0.001073,0.000345,-0.001073
991,-0.001346,0.000166,-0.000369
992,-0.000522,0.000714,-0.001688
993,-0.000203,0.001687,-0.000801
994,-0.001045,0.000534,-0.000643
995,-0.000877,0.000793,-0.000081
996,-0.000354,0.001794,0.000384
997,-0.000955,0.000861,0.001120
998,-0.001244,0.000960,-0.000110
999,-0.000632,0.001277,0.000811
1000,-0.001161,0.000702,0.000212
1001,-0.001083,0.000308,0.001214
1002,-0.001725,-0.000322,0.000581
1003,-0.001824,-0.000274,-0.000121
1004,-0.001452,-0.000334,-0.000895
1005,-0.001011,0.000542,-0.000185
1006,-0.000713,0.001415,0.001047
1007,-0.000785,0.001419,0.001002
1008,-0.001452,0.000303,0.001059
1009,-0.001719,-0.000168,0.000929
1010,-0.001448,0.000082,0.000798
1011,-0.000806,0.000987,0.001222
1012,-0.000557,0.000924,0.001109
1013,-0.000118,0.001325,0.001129
1014,-0.000675,0.000794,0.000948
1015,-0.000984,0.000352,0.001390
1016,-0.001231,-0.000149,0.001358
1017,-0.000882,0.000096,0.001545
1018,-0.001542,0.000036,0.001096
1019,-0.001693,-0.000013,0.000541
1020,-0.001259,-0.000687,0.000989
1021,-0.001411,-0.000366,-0.000003
1022,-0.001678,-0.000482,0.000374
1023,-0.001229,-0.000704,0.000281
1024,-0.001394,-0.000884,0.000435
1025,-0.001420,-0.000655,0.000838
1026,-0.001291,-0.000587,0.001197
1027,-0.001321,-0.000212,0.001292
1028,-0.001536,0.000113,0.000630
1029,-0.001684,-0.000479,0.000444
1030,-0.001620,-0.000513,0.000618
1031,-0.000868,-0.000512,0.000661
1032,-0.001008,-0.000557,-0.000551
1033,-0.000856,-0.000050,0.000028
1034,-0.001162,-0.000114,0.001597
1035,-0.001508,-0.000027,0.001096
1036,-0.001705,0.000605,0.000716
1037,-0.001122,0.000253,0.001005
1038,-0.001064,-0.000462,0.001327
1039,-0.000974,-0.000940,0.000724
1040,-0.000972,-0.000749,0.000276
1041,-0.001108,-0.000227,0.001487
1042,-0.001386,0.000402,0.001188
1043,-0.001151,-0.000435,0.000264
1044,-0.001306,-0.000375,0.001153
1045,-0.000037,-0.001899,0.000242
1046,0.000296,-0.001719,0.000650
1047,0.000160,0.001583,0.000744
1048,0.000427,-0.001926,-0.000252
1049,0.000297,-0.001817,-0.000141
1050,0.000421,-0.001445,-0.001228
1051,0.000817,-0.001132,-0.001271
1052,-0.000339,0.001778,0.000091
1053,0.000017,0.001793,-0.000274
1054,-0.001156,0.001171,0.000813
1055,-0.000594,0.000637,0.000836
1056,0.000003,0.000082,0.000187
1057,-0.000438,0.001824,0.000111
1058,0.000473,0.001676,-0.000598
1059,0.000716,0.001261,-0.000691
1060,0.000044,-0.001809,-0.000627
1061,0.000410,-0.001771,-0.000377
1062,0.000938,-0.001107,-0.001286
1063,0.000353,-0.001346,-0.001117
1064,0.000823,-0.001200,-0.001194
1065,0.000691,-0.000438,-0.001772
1066,0.001021,-0.000251,-0.001613
1067,0.001129,-0.000241,-0.001597
1068,0.000764,-0.000733,-0.001610
1069,0.001059,-0.000441,-0.001513
1070,0.001137,0.000899,-0.001339
1071,0.000493,0.001540,-0.001094
1072,0.000349,0.001563,-0.000947
1073,0.000514,0.001472,-0.000961
1074,0.000648,0.001320,-0.001044
1075,0.000913,0.000771,-0.000970
1076,0.000983,0.000866,-0.001368
1077,0.000620,0.001242,-0.001285
1078,0.000553,0.001234,-0.001313
1079,0.000188,0.001498,-0.001082
1080,0.000764,0.001118,-0.001263
1081,0.000863,0.001072,-0.001262
1082,0.000870,0.000801,-0.001105
1083,0.000676,0.001227,-0.001082
1084,0.001191,0.000878,-0.001058
1085,0.000268,0.001725,-0.000902
1086,0.000164,0.001694,-0.000879
1087,0.000210,0.001775,-0.000741
1088,0.000285,0.001579,-0.000910
1089,0.000509,0.001413,-0.000951
1090,0.000744,0.001143,-0.000917
1091,0.000480,-0.000884,-0.001107
1092,0.000784,-0.000795,-0.001064
1093,0.000906,-0.000738,-0.001161
1094,0.001364,-0.001008,-0.001060
1095,0.001146,-0.000530,-0.000961
1096,0.001022,-0.000644,-0.001239
1097,0.000020,-0.001926,0.000540
1098,-0.000212,-0.001836,0.000500
1099,-0.000064,-0.001816,0.000510
1100,0.001635,-0.001146,0.000119
1101,0.001194,-0.001206,0.000163
1102,0.000471,-0.001690,0.000364
1103,0.001720,0.000936,0.000408
1104,0.001243,0.000970,0.000563
1105,0.000178,0.001756,0.000941
1106,-0.000232,0.001655,0.000830
1107,0.000235,0.001657,0.000927
1108,-0.000172,0.001610,0.000850
1109,0.000041,0.001555,0.000893
1110,0.000626,0.001188,0.000868
1111,0.001893,-0.000222,0.000605
1112,0.000772,-0.000946,-0.001050
1113,0.000471,0.001155,-0.000930
1114,0.000375,-0.000022,-0.000676
1115,0.001303,0.000265,0.001085
1116,0.001492,-0.000225,0.000951
1117,0.001095,-0.001256,0.000626
1118,0.001445,-0.000721,0.000472
1119,0.001452,0.000343,0.000655
1120,0.001024,0.000483,0.001374
1121,0.001043,-0.000315,0.001499
1122,0.000873,-0.001151,0.001007
1123,0.000657,0.000558,0.001572
1124,0.000690,-0.000309,0.001707
1125,0.000532,-0.001203,0.001164
1126,0.000423,0.000625,0.001648
1127,0.000479,-0.000281,0.001743
1128,0.000367,-0.001224,0.001211
1129,0.000001,-0.000647,0.001892
1130,0.000101,-0.001323,0.001226
1131,0.000133,-0.001182,0.001316
1132,0.000250,-0.000531,0.001719
1133,0.000372,0.000718,0.001544
1134,0.000096,0.000872,0.001465
1135,0.000143,0.000923,0.001027
1136,0.000037,-0.001931,-0.000407
1137,0.000026,-0.001959,-0.000069
1138,0.000310,-0.001952,-0.000112
1139,0.000327,-0.001930,-0.000179
1140,0.000032,-0.001844,-0.000416
1141,-0.000230,-0.001907,-0.000065
1142,0.000265,-0.001741,-0.000549
1143,-0.000081,-0.001857,-0.000097
1144,0.001346,-0.000879,-0.000941
1145,0.001467,-0.001061,-0.000207
1146,0.001245,-0.000916,-0.000937
1147,0.001246,-0.001148,-0.000397
1148,0.000784,-0.001363,-0.000680
1149,0.000416,-0.001672,-0.000226
1150,0.001610,0.000855,-0.000035
1151,0.001252,0.001064,-0.000711
1152,0.001249,0.000923,-0.000663
1153,0.001437,0.000915,-0.000004
1154,0.000204,0.001863,-0.000591
1155,0.000113,0.001891,0.000140
1156,-0.000066,0.001868,-0.000470
1157,-0.000248,0.001882,0.000172
1158,0.000301,0.001879,-0.000322
1159,-0.000075,0.001831,-0.000495
1160,-0.000311,0.001866,0.000125
1161,-0.000036,0.001764,-0.000541
1162,-0.000240,0.001835,0.000106
1163,0.000487,0.001332,-0.000429
1164,0.000532,0.001514,0.000173
1165,0.001732,-0.000685,-0.000216
1166,0.001550,-0.000740,-0.000577
1167,0.001592,0.000843,-0.000565
1168,0.001698,0.000672,-0.000140
1169,0.001880,-0.000093,-0.000078
1170,0.001797,-0.000040,-0.000381
1171,0.001315,-0.000929,0.000690
1172,0.000881,-0.000007,0.000737
1173,0.000104,0.000851,0.001522
1174,-0.000806,0.000689,0.000965
1175,-0.001713,-0.000694,-0.000763
1176,0.001116,-0.001269,0.000427
1177,0.000963,-0.001359,-0.000360
1178,0.000159,-0.001274,-0.001023
1179,-0.000642,-0.000658,-0.000812
1180,0.000869,-0.001206,0.000308
1181,-0.000174,0.000356,0.000897
1182,-0.000291,0.000026,0.000405
1183,-0.000685,-0.000958,0.000059
1184,0.000664,-0.001184,0.000361
1185,-0.000734,-0.000700,-0.001147
1186,0.000204,-0.000467,0.000046
1187,0.000700,-0.001037,0.000151
1188,0.000182,-0.000674,-0.000696
1189,-0.001359,-0.000732,0.000458
1190,-0.001228,-0.000529,-0.000319
1191,-0.001032,-0.000055,0.000064
1192,-0.000362,-0.000936,-0.000553
1193,-0.000331,0.001937,-0.000173
1194,-0.000469,0.001773,0.000139
1195,0.000567,0.001890,-0.000013
1196,0.000590,0.001764,-0.000014
1197,0.000126,0.001648,0.000054
1198,0.000373,0.001796,-0.000073
1199,0.000423,0.001747,-0.000216
1200,0.000365,0.001512,-0.000135
1201,0.000365,0.000576,-0.000171
1202,0.001146,-0.001065,0.000265
1203,0.001004,-0.001266,0.000512
1204,-0.000108,0.001886,-0.000316
1205,-0.000454,0.000415,-0.000158
1206,-0.001018,-0.001592,-0.000208
1207,-0.000885,-0.001495,-0.000123
1208,-0.000970,-0.001152,-0.000047
1209,-0.000747,-0.001591,-0.000213
1210,-0.000398,-0.001795,-0.000225
1211,-0.000087,-0.001792,-0.000288
1212,0.000294,-0.001826,-0.000366
1213,0.000563,-0.001778,-0.000194
1214,0.000714,-0.001460,0.000097
1215,-0.000165,0.000920,0.000365
1216,-0.000321,0.000968,0.000473
1217,-0.000069,0.001013,0.000358
1218,0.000006,0.001042,0.000483
1219,-0.000150,0.001057,0.000544
1220,-0.000154,0.001077,0.000256
1221,0.000003,0.001074,0.000271
1222,0.000562,0.000852,-0.000249
1223,0.000485,-0.000805,0.000041
1224,0.000859,-0.000899,0.000286
1225,0.000190,0.001069,0.000464
1226,-0.000194,0.000134,0.000394
1227,-0.000576,-0.001114,0.000232
1228,-0.000724,-0.000957,-0.000449
1229,-0.000405,-0.001158,0.000254
1230,-0.000228,-0.001114,0.000379
1231,-0.000167,-0.000999,0.000582
1232,0.000018,-0.001022,0.000365
1233,0.000059,-0.001032,0.000341
1234,0.000227,-0.001047,0.000401
1235,-0.000686,-0.000132,0.001744
1236,-0.000060,0.000012,0.001878
1237,0.000187,0.000042,0.001869
1238,0.000435,0.000196,0.001772
1239,0.000345,0.000190,0.001555
1240,-0.000211,-0.000049,-0.000331
1241,-0.001049,-0.000101,0.001361
1242,-0.000855,-0.000128,0.001550
1243,0.000025,0.000003,0.000562
1244,-0.001093,0.000067,0.001091
2969,0.001295,-0.000568,0.001414
2970,0.001615,-0.000201,0.001146
2971,0.001855,-0.000106,0.000703
2972,0.001954,0.000039,0.000274
2973,0.001956,0.000247,-0.000211
2974,0.001218,0.001586,-0.000033
2975,0.001576,0.000744,-0.000594
2977,0.000883,0.001175,-0.001223
2983,-0.000112,0.000579,-0.001898
2984,0.000172,0.000820,-0.001776
2985,0.000117,-0.001132,0.001410
2986,0.000906,-0.001054,0.001349
2987,0.001096,-0.001180,0.001107
2988,0.000695,-0.001607,0.000811
2989,0.001104,-0.001502,0.000558
2990,0.001354,-0.001099,0.000827
2991,0.001293,-0.001359,0.000579
2992,0.001482,-0.001227,0.000506
2993,0.001526,-0.000722,0.000840
2994,0.001392,-0.001207,0.000737
2995,0.001759,-0.000284,0.000778
2996,0.001921,-0.000076,0.000490
2997,0.001674,-0.000927,0.000255
2998,0.001841,-0.000510,0.000029
2999,0.001669,-0.000824,0.000608
3000,0.001861,-0.000639,0.000063
3001,0.001504,-0.000795,0.000999
3002,0.001953,-0.000317,-0.000249
3003,0.001989,0.000011,0.000022
3004,0.001955,-0.000161,-0.000181
3005,0.001953,-0.000261,0.000278
3006,0.001914,-0.000308,-0.000134
3007,0.001875,0.000141,-0.000563
3008,0.001584,0.000288,-0.001136
3009,0.001792,0.000000,-0.000835
3010,0.001396,-0.000032,-0.001389
3011,0.001042,0.000506,-0.001525
3012,0.000859,0.000103,-0.001774
3013,0.000308,0.000443,-0.001883
3014,0.000458,0.000036,-0.001906
3015,-0.000027,0.000256,-0.001960
3016,0.000219,-0.000043,-0.001967
3017,0.000286,-0.000405,-0.001895
3018,0.000023,-0.000539,-0.001887
3019,0.000752,-0.000368,-0.001793
3020,0.001081,-0.000292,-0.001632
3021,0.001521,-0.000294,-0.001223
3022,0.001826,-0.000225,-0.000720
3023,0.001943,-0.000362,-0.000121
3024,0.001950,-0.000328,0.000192
3025,0.001665,-0.000655,0.000397
3026,0.001767,-0.000613,-0.000048
3027,0.001943,-0.000370,0.000097
3028,0.001798,-0.000576,-0.000073
3029,0.001843,-0.000474,-0.000514
3030,0.001683,-0.000421,-0.000959
3031,0.001408,-0.000819,-0.000478
3032,0.001361,-0.000463,-0.001356
3033,0.000968,-0.000539,-0.001648
3034,0.000672,-0.000614,-0.001770
3035,0.000331,-0.000691,-0.001834
3036,0.000031,-0.000733,-0.001858
3037,0.000433,-0.000543,-0.001855
3038,0.000034,-0.000425,-0.001946
3039,0.000883,-0.000620,-0.001679
3040,0.001177,-0.000578,-0.001488
3041,0.001482,-0.000478,-0.001230
3042,0.001722,-0.000500,-0.000880
3043,0.001840,-0.000509,-0.000585
3044,0.001257,-0.000780,-0.000888
3045,0.001849,-0.000216,-0.000717
3046,0.001704,-0.000127,-0.001028
3047,0.001345,-0.000204,-0.000986
3048,0.001542,-0.000183,-0.001243
3049,0.001887,0.000122,-0.000619
3050,0.001758,0.000073,-0.000923
3051,0.001621,-0.000044,-0.001150
3052,0.001086,0.000394,-0.001026
3053,0.001207,-0.000288,-0.001552
3054,0.001303,0.000071,-0.001475
3055,0.000784,-0.000196,-0.001820
3056,0.000812,0.000296,-0.001775
3057,0.000315,-0.000058,-0.001964
3058,0.000380,0.000461,-0.001879
3059,-0.000009,0.000004,-0.001992
3060,0.000085,0.001021,-0.001708
3061,0.000430,0.001025,-0.001634
3062,0.000993,0.000804,-0.001491
3063,0.001188,0.001181,-0.001005
3064,0.000651,0.001426,-0.001202
3065,0.000380,0.001569,-0.001155
3066,0.000246,0.001267,-0.001520
3067,0.001489,0.000372,-0.001242
3068,0.001632,0.000702,-0.000848
3069,0.001770,0.000064,-0.000917
3070,0.001844,0.000256,-0.000703
3071,0.001871,-0.000004,-0.000692
3072,0.001922,0.000035,-0.000532
3073,0.001929,0.000128,-0.000420
3074,0.001928,0.000072,-0.000431
3075,0.001081,0.000647,-0.000632
3076,0.001985,0.000077,-0.000179
3077,0.001956,0.000256,-0.000266
3078,0.001974,0.000230,-0.000044
3079,0.001993,-0.000046,0.000001
3080,0.000895,0.000890,-0.000195
3081,0.001875,0.000571,-0.000387
3082,0.001893,0.000621,-0.000097
3083,0.001736,0.000892,-0.000403
3084,0.001736,0.000964,-0.000121
3085,0.001434,0.001273,-0.000493
3086,0.001558,0.001218,-0.000027
3087,0.000939,0.001641,-0.000611
3088,0.001154,0.001605,-0.000120
3089,0.000571,0.001772,-0.000697
3090,0.000689,0.001852,-0.000259
3091,0.000404,0.001899,-0.000461
3092,0.000462,0.001942,-0.000031
3093,-0.000006,0.001178,-0.001596
3094,0.001982,0.000137,0.000195
3095,0.001979,-0.000064,0.000236
3096,0.001467,0.000604,0.000378
3097,0.001953,-0.000114,0.000395
3098,0.001967,0.000133,0.000326
3099,0.001692,0.000204,0.000677
3100,0.001937,0.000455,0.000175
3101,0.001912,0.000445,0.000328
3102,0.001819,0.000799,0.000179
3103,0.001786,0.000733,0.000475
3104,0.001560,0.001210,0.000235
3105,0.001577,0.001050,0.000566
3106,0.001226,0.001534,0.000304
3107,0.001238,0.001375,0.000673
3108,0.000791,0.001799,0.000260
3109,0.000852,0.001608,0.000761
3110,0.000464,0.001895,0.000391
3111,0.000593,0.001701,0.000830
3112,0.000332,0.001883,0.000556
3113,0.000399,0.001718,0.000912
3114,0.001931,-0.000159,0.000484
3115,0.001930,0.000013,0.000514
3116,0.001892,-0.000177,0.000444
3117,0.001910,-0.000040,0.000578
3118,0.001866,-0.000023,0.000695
3119,0.001944,-0.000121,0.000391
3120,0.001880,0.000326,0.000580
3121,0.001807,0.000255,0.000797
3122,0.001757,0.000602,0.000741
3123,0.001618,0.000780,0.000856
3124,0.001725,0.000363,0.000933
3125,0.001593,0.000607,0.001017
3126,0.001309,0.001105,0.001010
3127,0.001330,0.000827,0.001220
3128,0.000958,0.001309,0.001152
3129,0.000959,0.000950,0.001454
3130,0.000653,0.001394,0.001256
3131,0.000609,0.000969,0.001625
3132,0.000339,0.001409,0.001348
3133,0.000347,0.000910,0.001736
3134,0.000058,0.001517,0.001265
3135,0.000277,0.001154,0.001579
3136,0.000187,0.000800,0.001806
3137,0.001876,0.000199,0.000634
3138,0.001832,0.000096,0.000757
3139,0.001923,-0.000018,0.000518
3140,0.001823,0.000245,0.000727
3141,0.001825,0.000232,0.000747
3142,0.001813,0.000232,0.000790
3143,0.001778,0.000097,0.000901
3144,0.001781,0.000229,0.000822
3145,0.001714,0.000288,0.000981
3146,0.001750,0.000298,0.000841
3147,0.001612,0.000474,0.001079
3148,0.001550,0.000487,0.001110
3149,0.001240,0.000652,0.001422
3150,0.001123,0.000637,0.001509
3151,0.000848,0.000689,0.001674
3152,0.000820,0.000611,0.001712
3153,0.000501,0.000669,0.001816
3154,0.000508,0.000606,0.001826
3155,0.000268,0.000633,0.001875
3156,0.000216,0.000592,0.001879
3157,0.000138,0.000574,0.001872
3158,-0.000013,0.000606,0.001885
3159,0.000025,0.000896,0.001755
3160,0.000054,0.000593,0.001862
3161,0.001975,-0.000262,0.000055
3162,0.001966,-0.000300,0.000117
3163,0.001952,-0.000281,0.000312
3164,0.001826,-0.000384,0.000705
3165,0.001949,-0.000262,0.000303
3166,0.001875,-0.000326,0.000587
3167,0.001832,-0.000288,0.000333
3168,0.001956,-0.000363,0.000104
3169,0.001930,-0.000303,0.000390
3170,0.001940,-0.000320,0.000044
3171,0.001629,-0.000438,0.001072
3172,0.001657,-0.000466,0.000997
3173,0.001892,-0.000296,0.000556
3174,0.001715,-0.000457,0.000902
3175,0.001875,-0.000093,0.000673
3176,0.001976,-0.000285,0.000011
3177,0.001947,-0.000292,-0.000051
3178,0.001705,0.000214,0.001007
3179,0.001744,-0.000216,0.000936
3180,0.001525,0.000153,0.001272
3181,0.001443,-0.000663,0.001203
3182,0.001439,-0.000384,0.001311
3183,0.001456,-0.000637,0.001169
3184,0.001064,0.000173,0.001666
3185,0.001404,-0.000529,0.001294
3186,0.001090,-0.000337,0.001604
3187,0.000716,0.000270,0.001839
3188,0.001577,-0.000576,0.001003
3189,0.001489,-0.000635,0.001138
3190,0.001636,-0.000641,0.000886
3191,0.001431,-0.000853,0.001070
3192,0.001558,-0.000823,0.000859
3193,0.001391,-0.001210,0.000700
3194,0.001534,-0.001014,0.000684
3195,0.001193,-0.001549,0.000388
3196,0.001275,-0.001368,0.000553
3197,0.000720,-0.001826,0.000328
3198,0.000455,-0.001903,0.000323
3199,0.000910,-0.001644,0.000583
3200,0.000505,-0.001807,0.000559
3201,0.000660,-0.001261,0.001264
3202,0.001169,-0.000924,0.001222
3203,0.001542,-0.000778,0.000952
3204,0.001673,-0.000605,0.000874
3205,0.001648,-0.000499,0.000976
3206,0.001653,-0.000355,0.001049
3207,0.001680,-0.000137,0.001035
3208,0.001417,-0.000137,0.001335
3209,0.001027,-0.000192,0.001653
3210,0.000747,0.000039,0.001827
3211,0.000841,0.000271,0.001759
3212,0.000765,0.000587,0.001702
3213,0.000744,0.000577,0.001758
3214,0.000520,0.000712,0.001763
3215,0.001121,0.000673,0.001512
3216,0.001025,-0.000094,0.001677
3217,0.000777,0.000050,0.001796
3218,0.000742,0.000051,0.001819
3219,0.001274,-0.000205,0.001501
3220,0.000918,0.000300,0.001690
3221,0.000832,0.000764,0.001574
3222,0.000629,0.000969,0.001546
3223,0.001155,0.000690,0.001429
3224,0.001088,0.000262,0.001583
3225,0.000936,0.001147,0.001270
3226,0.001099,0.000010,0.001272
3227,0.001232,0.000374,0.001174
3228,0.001319,0.000701,0.001283
3229,0.001258,0.000331,0.001473
3230,0.001367,0.000402,0.001205
3231,0.001158,0.001233,0.000955
3232,0.001181,0.000949,0.001292
3233,0.001305,0.000533,0.001397
3234,0.001325,0.001092,0.000851
3235,0.001318,0.000704,0.001239
3236,0.000752,0.001111,0.001454
3237,0.000914,0.000841,0.001547
3238,0.000681,0.000872,0.001600
3239,0.000746,0.001021,0.001431
3240,-0.000030,0.001178,0.001599
3241,0.000148,0.000806,0.001640
3242,0.000026,0.001108,0.001556
3243,0.001337,-0.000387,0.001425
3244,0.001225,-0.000603,0.001435
3245,0.001318,-0.000560,0.001351
3246,0.001356,-0.000303,0.001396
3247,0.001220,-0.000084,0.001555
3248,0.000884,-0.000097,0.001760
3249,0.000632,-0.000232,0.001798
3250,0.000740,0.001443,0.001069
3251,0.000836,0.001066,0.001282
3252,0.000874,0.001537,0.000663
3253,0.000430,0.001440,0.001125
3254,0.000683,0.001045,0.001385
3255,0.000468,0.001474,0.000855
3256,0.000029,0.000953,0.001475
3257,0.000482,0.000649,0.001640
3258,-0.000095,0.001035,0.001376
3259,0.000129,0.001268,0.001446
3260,0.000597,0.000923,0.001557
3261,-0.000201,0.001343,0.001183
3262,0.000632,0.000751,0.001546
3263,0.000598,-0.000098,0.001850
3264,0.000637,0.000057,0.001788
3265,0.000646,0.000456,0.001663
3266,0.000779,0.001040,0.001309
3267,0.001084,-0.000009,0.001626
3268,0.001076,-0.000009,0.001558
3269,0.000974,0.000345,0.001549
3270,0.001055,0.000784,0.001464
3271,0.001369,0.000707,0.001259
3272,0.001206,0.000965,0.001227
3273,0.001109,0.000738,0.001370
3274,0.001216,0.000981,0.001110
3275,0.001165,0.000646,0.001364
3276,0.001390,0.000804,0.000982
3277,0.000692,0.001330,0.001158
3278,0.000778,0.001442,0.000912
3279,0.001492,0.000536,0.001176
3280,0.001626,0.000445,0.000940
3281,0.001747,0.000021,0.000888
3282,0.001169,0.000399,0.001500
3283,0.001352,-0.000024,0.001288
3284,0.001510,-0.000138,0.001229
3285,0.000877,0.000447,0.001620
3286,0.000791,0.000062,0.001573
3287,0.000717,-0.000582,0.001612
3288,0.001417,0.000559,0.001209
3289,0.001119,0.000751,0.001309
3290,0.000924,0.001047,0.001202
3291,0.001304,0.000912,0.000800
3292,0.000895,0.001490,0.000668
3293,0.001010,0.000663,0.001040
3294,0.000878,0.001271,0.000775
3295,0.000662,-0.000053,0.000728
3296,0.000571,-0.000016,0.001342
3297,0.000602,-0.000780,0.001476
3298,0.000558,-0.000504,0.001349
3299,0.000641,-0.000778,0.001504
3300,0.000908,-0.000525,0.001358
3301,0.001142,-0.000576,0.001430
3302,0.001687,-0.000075,0.000990
3303,0.001837,0.000197,0.000717
3304,0.000634,-0.000900,0.001543
3305,0.000858,-0.000586,0.001390
3306,0.001017,-0.000700,0.001490
3307,0.001549,-0.000064,0.001231
3308,0.001723,0.000254,0.000929
3309,0.000292,0.000739,0.001500
3310,0.000199,0.000835,0.001109
3311,0.000821,0.001108,0.000992
3312,0.001302,0.001209,0.000581
3313,0.001208,0.000313,0.001213
3314,0.001543,0.000065,0.000536
3315,0.000941,0.000705,0.001507
3316,0.001516,0.000100,0.000368
3317,0.001016,0.000012,0.001019
3318,0.000497,-0.000018,0.001685
3319,0.000922,-0.000766,0.001295
3320,0.001263,-0.001273,0.000546
3321,0.000444,-0.000234,0.001864
3322,0.000387,0.000130,0.001746
3323,0.000148,0.000311,0.001939
3324,0.000176,0.000540,0.001876
3325,-0.000077,0.000536,0.001850
3326,0.000522,-0.000221,0.001867
3327,0.000577,0.000485,0.001837
3328,0.000671,-0.001053,0.001535
3329,0.000741,-0.000464,0.001648
3330,0.000787,-0.001580,0.000804
3331,0.000845,-0.001470,0.000714
3332,0.000371,-0.001340,0.000583
3333,0.000234,-0.000618,0.001026
3334,0.000552,-0.001340,0.000849
3335,0.000506,-0.001586,0.001060
3336,0.000278,-0.001072,0.001296
3337,0.000712,-0.001352,0.001030
3338,0.000523,-0.000974,0.001374
3339,0.000562,-0.001366,0.001060
3340,0.000742,-0.001127,0.001318
3341,0.000825,-0.000192,0.001746
3342,0.000670,0.000488,0.001808
3343,0.000947,-0.000458,0.001625
3344,0.000605,-0.001535,0.001032
3345,0.001018,0.000380,0.001665
3346,0.000567,-0.001069,0.001128
3347,0.000463,-0.001432,0.001053
3348,0.000823,-0.000956,0.001452
3349,0.000244,-0.001686,0.000860
3350,0.000863,-0.000966,0.001375
3351,0.001313,-0.000064,0.001473
3352,0.001343,0.000446,0.001386
3353,0.001320,-0.000173,0.001409
3354,0.000582,-0.001103,0.001432
3355,0.001545,0.000456,0.001173
3356,0.000443,-0.001115,0.001292
3357,0.000148,-0.001415,0.001063
3358,0.001231,-0.000444,0.001122
3359,0.001744,-0.000202,0.000924
3360,0.001000,0.000003,0.001697
3361,0.000744,-0.000657,0.001466
3362,0.001059,0.000060,0.001673
3363,0.001312,-0.000718,0.001067
3364,0.001685,0.000537,0.000921
3365,0.001281,-0.000373,0.001040
3366,0.001541,0.000749,0.000955
3367,0.001410,-0.000271,0.001142
3368,0.001347,0.000650,0.001320
3369,0.001213,-0.000401,0.001350
3370,0.001085,-0.000074,0.001653
3371,0.000828,0.000185,0.001757
3372,0.001038,-0.000009,0.001694
3373,0.001124,-0.000208,0.001613
3374,0.000624,0.000018,0.001762
3375,-0.000266,-0.000380,0.001678
3376,-0.000055,-0.001195,0.001091
3377,-0.000052,0.000532,0.001779
3378,0.000195,-0.001534,0.000511
3379,0.000365,0.000003,0.001859
3380,0.000551,-0.000166,0.001548
3381,0.000977,0.000026,0.001727
3382,-0.000103,-0.000174,0.001860
3383,0.001125,-0.000204,0.001589
3384,0.000874,0.000379,0.001349
3385,0.001128,-0.000777,0.000957
3386,0.001483,0.000297,0.000812
3387,0.000101,-0.000778,0.001575
3388,0.000049,-0.001501,0.000836
3389,0.000076,0.000041,0.001599
3390,0.001429,-0.000833,0.000773
3391,0.001113,-0.001316,0.000558
3392,0.001214,-0.001214,-0.000501
3393,0.001319,-0.000318,-0.000311
3394,0.001075,-0.000520,0.001563
3395,0.000444,-0.001547,0.000154
3396,0.000892,-0.001277,0.000512
3397,0.000893,-0.000199,0.001624
3398,0.000863,0.000861,0.001545
3399,0.000841,-0.001224,0.001211
3400,0.001149,-0.000346,0.001570
3401,0.000887,-0.000537,0.001689
3402,0.000764,-0.000603,0.001694
3403,0.000993,-0.000426,0.001617
3404,0.001080,-0.000283,0.001628
3405,0.000991,0.000037,0.001678
3406,0.000782,0.000363,0.001776
3407,0.000357,0.000514,0.001899
3408,0.000086,0.000456,0.001888
3409,0.000555,0.000235,0.001761
3410,0.000923,0.000073,0.001662
3411,0.000181,-0.000488,0.001567
3412,0.000369,-0.000605,0.001737
3413,0.000901,-0.000457,0.001682
3414,0.001174,-0.000170,0.001534
3415,0.001313,-0.000111,0.001497
3416,0.001270,-0.000004,0.001437
3417,0.000935,0.000133,0.001674
3418,0.001287,0.000417,0.001419
3419,0.001118,0.000622,0.001424
3420,0.000601,0.000034,0.001792
3421,0.000648,0.000153,0.001574
3422,0.000799,-0.000159,0.001724
3423,0.000167,-0.000543,0.001619
3424,0.001012,-0.000372,0.001569
3425,0.000661,-0.000776,0.001585
3426,0.000598,-0.000180,0.001800
3427,0.000044,-0.000673,0.001704
3428,0.000978,0.000050,0.001619
3429,0.001218,0.000708,0.001402
3430,0.001182,0.000972,0.001176
3431,0.001057,0.001127,0.001066
3432,0.000063,-0.001643,0.000956
3433,0.000326,-0.001218,0.001347
3434,0.000607,-0.001068,0.001436
3435,0.000728,-0.000752,0.001638
3436,0.000325,-0.000225,0.001741
3437,0.000395,-0.001472,0.001263
3438,0.000029,-0.001251,0.001332
3439,0.000467,-0.001754,0.000737
3440,0.000315,-0.001855,0.000460
3441,0.000437,-0.001799,0.000525
3442,0.000000,-0.001750,0.000040
3443,0.000184,-0.001850,0.000055
3444,0.000643,0.000790,0.001662
3445,0.000983,0.000965,0.001376
3446,0.000358,0.001846,0.000461
3447,0.000538,0.001747,0.000434
3448,0.000900,0.001309,0.001022
3449,0.000313,0.001779,0.000049
3450,0.000649,0.001611,0.000781
3451,0.001210,-0.001059,0.000023
3452,0.001408,-0.000746,-0.000359
3453,0.001598,-0.000156,0.001057
3454,0.000935,-0.001435,-0.000531
3455,0.001099,-0.001066,0.000011
3456,0.001806,0.000214,0.000792
3457,0.001581,0.000390,0.000532
3458,0.001261,0.000986,0.001088
3459,0.001347,0.000835,0.000842
3460,0.001855,-0.000456,-0.000073
3461,0.001796,-0.000364,0.000433
3462,0.001704,-0.000507,-0.000341
3463,0.001408,-0.000464,-0.000940
3464,0.001191,0.000381,0.000816
3465,0.000890,0.001106,0.000577
3466,0.000838,0.000612,-0.000105
3467,0.000652,0.001646,0.000890
3468,0.000738,0.001573,0.000879
3469,0.000471,-0.001508,-0.001170
3470,0.001369,-0.000485,0.000018
3471,0.000668,-0.000888,-0.001643
3472,0.001297,-0.000642,-0.000193
3473,0.000636,-0.000104,-0.001851
3474,0.001408,-0.000288,-0.000434
3475,0.001714,-0.000045,0.000682
3476,0.001704,-0.000089,0.000984
3477,0.001332,0.000022,0.001369
3478,0.001371,0.000243,-0.000336
3479,0.000432,0.000814,-0.001655
3480,0.001248,-0.000504,0.001204
3481,0.000036,0.001765,-0.000739
3482,0.000928,0.001175,-0.000081
3483,0.001399,-0.000519,0.000889
3484,0.000291,0.001821,0.000120
3485,0.001002,0.000851,0.001010
3486,0.001262,-0.000988,0.000563
3487,0.001145,-0.000813,0.000243
3488,0.001417,-0.000811,0.000108
3489,0.001247,-0.000665,-0.000278
3490,0.001044,-0.000518,-0.000687
3491,0.000804,0.000049,-0.000160
3492,0.000723,0.000812,0.000825
3493,0.000511,0.001260,0.000978
3494,0.001511,0.000451,0.001042
3495,0.000889,0.000943,0.001219
3496,0.000699,0.001027,0.001229
3497,0.001519,0.000404,0.001142
3498,0.001096,0.000412,0.001305
3499,0.000459,0.000460,0.001690
3500,0.000841,0.000413,0.001451
3501,0.000853,0.000095,0.001421
3502,0.001257,-0.000700,0.000882
3503,0.000804,-0.000377,0.000536
3504,0.001469,-0.000488,0.001078
3505,0.001311,-0.000242,0.001373
3506,0.001604,-0.000136,0.000740
3507,0.001524,0.000119,0.000606
3508,0.001044,-0.000106,0.000088
3509,0.001501,-0.000312,0.000210
3510,0.001448,0.000392,0.001187
3511,0.000925,-0.000505,0.000245
3512,0.001013,-0.000695,0.000974
3513,0.001245,-0.000147,0.000903
3514,0.001846,0.000245,0.000600
3515,0.001583,0.000493,0.000831
3516,-0.000242,-0.001886,-0.000407
3517,-0.000331,-0.001832,-0.000530
3518,-0.000986,-0.001217,-0.001219
3519,-0.000528,-0.001451,-0.001028
3520,0.000023,-0.001690,-0.000778
3521,-0.000667,-0.001274,-0.001151
3522,-0.000070,0.001778,-0.000354
3523,-0.000027,-0.000254,0.000363
3524,-0.000064,-0.001819,-0.000472
3525,0.000626,0.000475,0.000824
3526,-0.000046,0.001714,-0.000582
3527,0.000709,0.001699,0.000279
3528,0.000351,0.001570,-0.000619
3529,-0.000199,-0.001865,-0.000190
3530,-0.001110,-0.000194,-0.000610
3531,-0.000525,-0.001325,-0.000973
3532,-0.000797,-0.001272,-0.001131
3533,-0.001177,-0.000372,-0.001563
3534,-0.000822,-0.000549,-0.001595
3535,0.000031,-0.000795,-0.001669
3536,-0.001085,-0.000338,-0.001607
3537,-0.001451,-0.000563,-0.000970
3538,-0.001149,-0.000672,-0.001279
3539,-0.001034,-0.000517,-0.001503
3540,-0.001288,0.000770,-0.001097
3541,-0.000483,0.001533,-0.001110
3542,-0.000276,0.001569,-0.000994
3543,-0.000424,0.001482,-0.001011
3544,0.000096,0.001419,-0.001007
3545,-0.000569,0.001329,-0.001091
3546,-0.000828,0.000910,-0.000995
3547,-0.000947,0.000948,-0.001341
3548,-0.000946,0.000769,-0.000912
3549,-0.000338,0.001277,-0.001329
3550,-0.000463,0.001252,-0.001337
3551,-0.000650,0.001165,-0.001291
3552,-0.000759,0.001139,-0.001275
3553,-0.000813,0.000891,-0.001108
3554,-0.000763,0.001368,-0.001079
3555,-0.000260,0.001012,-0.000801
3556,-0.000003,0.001731,-0.000849
3557,-0.000114,0.001700,-0.000882
3558,-0.000209,0.001612,-0.000905
3559,-0.000430,0.001477,-0.000933
3560,-0.000676,0.001286,-0.000903
3561,-0.000889,-0.000825,-0.001040
3562,-0.000666,-0.000909,-0.001096
3563,0.000063,-0.001014,-0.001083
3564,-0.000882,-0.000796,-0.001166
3565,-0.001290,-0.000628,-0.000938
3566,-0.001379,-0.000519,-0.001035
3567,-0.001017,-0.000700,-0.001214
3568,-0.000334,-0.001871,-0.000504
3569,-0.000170,-0.001929,-0.000215
3570,0.000139,-0.001867,-0.000142
3571,0.000015,-0.001805,-0.000256
3572,-0.000285,-0.001764,-0.000550
3573,0.000046,-0.001886,-0.000271
3574,-0.001396,-0.000927,-0.000871
3575,-0.001412,-0.001146,-0.000482
3576,-0.001204,-0.001211,-0.000328
3577,-0.001180,-0.001052,-0.000764
3578,-0.000264,-0.001742,-0.000281
3579,-0.000582,-0.001515,-0.000530
3580,-0.000809,0.001624,-0.000659
3581,-0.001096,0.001540,-0.000091
3582,-0.000901,0.001210,-0.000109
3583,-0.000792,0.001201,-0.000466
3584,0.000020,0.001864,-0.000526
3585,-0.000006,0.001955,-0.000030
3586,0.000119,0.001946,0.000079
3587,-0.000009,0.001889,-0.000370
3588,0.000173,0.001936,0.000030
3589,-0.000010,0.001871,-0.000388
3590,0.000120,0.001825,0.000291
3591,0.000076,0.001910,-0.000002
3592,-0.000073,0.001816,-0.000431
3593,-0.000510,0.001582,0.000004
3594,-0.000483,0.001537,-0.000323
3595,-0.001997,-0.000056,-0.000087
3596,-0.001937,-0.000053,-0.000286
3597,-0.001637,0.000459,-0.000386
3598,-0.001778,0.000274,-0.000249
3599,-0.001472,-0.000601,-0.000545
3600,-0.001738,-0.000312,-0.000468
3601,-0.001433,0.000139,0.001388
3602,-0.001391,-0.000387,0.001185
3603,-0.001431,-0.000261,0.000771
3604,-0.001551,-0.000029,0.000649
3605,-0.001074,0.000181,0.001469
3606,-0.001069,-0.000295,0.001478
3607,-0.000706,0.000300,0.001708
3608,-0.000686,-0.000294,0.001707
3609,-0.000460,0.000389,0.001782
3610,-0.000478,-0.000267,0.001743
3611,-0.000231,0.000660,0.001715
3612,-0.000231,-0.000214,0.001764
3613,-0.000003,0.000219,0.001715
3614,-0.001260,-0.001062,0.000883
3615,-0.000845,-0.001543,0.000015
3616,-0.000909,-0.001100,0.000057
3617,-0.001495,-0.000571,0.000313
3618,-0.001378,0.000571,0.000196
3619,-0.001257,0.000686,0.000617
3620,-0.000965,-0.001041,0.001140
3621,-0.000727,-0.001573,0.000307
3622,-0.000887,0.000795,0.000986
3623,-0.000580,-0.001124,0.001310
3624,-0.000395,-0.001719,0.000380
3625,-0.000489,0.001115,0.000942
3626,-0.000407,-0.001154,0.001356
3627,-0.000259,-0.001771,0.000403
3628,-0.000280,0.001206,0.000993
3629,-0.000121,-0.001010,0.001501
3630,-0.000206,-0.001749,0.000515
3631,-0.000266,0.001351,0.000860
3632,0.000013,-0.001679,0.000411
3633,0.000093,0.000735,0.001311
3634,-0.000106,0.001442,0.000899
3635,-0.000861,0.000148,0.001271
3636,-0.001071,-0.000620,0.001008
3637,-0.000079,0.000824,0.001478
3638,-0.001168,-0.001207,0.000457
3639,0.000870,0.000648,0.001062
3640,0.001391,0.000351,0.000616
3641,0.001017,-0.000733,-0.001302
3642,0.001298,-0.000349,-0.000565
3643,-0.000952,-0.001365,-0.000416
3644,0.000201,-0.001212,-0.000923
3645,-0.000600,-0.000197,0.000884
3646,-0.000891,-0.000849,0.000869
3647,-0.000155,0.000239,0.000757
3648,-0.000866,-0.001143,0.000268
3649,0.000434,-0.000478,0.000618
3650,0.000527,-0.000944,0.000135
3651,0.000685,-0.000793,-0.001361
3652,0.000436,-0.000813,-0.000243
3653,-0.000631,-0.001049,0.000117
3654,-0.000093,-0.000737,-0.000760
3655,0.000423,0.001931,-0.000191
3656,0.000535,0.001780,0.000127
3657,0.000146,0.001887,-0.000423
3658,0.000355,0.001800,0.000194
3659,0.000155,0.001817,0.000149
3660,-0.000159,0.001833,0.000066
3661,-0.000372,0.001768,-0.000015
3662,-0.000454,0.001753,-0.000130
3663,-0.000471,0.001549,-0.000075
3664,-0.000383,0.000537,-0.000172
3665,-0.001166,-0.001017,0.000222
3666,-0.001066,-0.001182,0.000501
3667,-0.000905,-0.001392,0.000453
3668,0.000520,0.000456,-0.000218
3669,0.001336,-0.000865,-0.000193
3670,0.000941,-0.001679,-0.000305
3671,0.000947,-0.001177,-0.000153
3672,0.000684,-0.001659,-0.000278
3673,0.000244,-0.001814,-0.000244
3674,-0.000044,-0.001801,-0.000345
3675,-0.000419,-0.001787,-0.000368
3676,-0.000647,-0.001537,0.000009
3677,0.000184,0.000902,0.000367
3678,0.000327,0.000946,0.000489
3679,-0.000105,0.001019,0.000405
3680,0.000322,0.000996,0.000537
3681,0.000353,0.001032,0.000501
3682,0.000276,0.001043,0.000410
3683,0.000180,0.001030,0.000282
3684,-0.000013,0.001017,0.000300
3685,-0.000611,0.000820,-0.000226
3686,0.000083,0.000203,0.000601
3687,-0.000353,-0.000663,-0.000006
3688,-0.000346,-0.000532,0.000326
3689,-0.000296,-0.000958,0.000386
3690,0.000331,0.000096,0.000301
3691,0.000720,-0.000496,0.000153
3692,0.000492,-0.001088,0.000302
3693,0.000711,-0.000925,-0.000394
3694,0.000341,-0.001161,0.000278
3695,0.000155,-0.001096,0.000379
3696,0.000109,-0.000961,0.000575
3697,-0.000045,-0.000975,0.000348
3698,-0.000249,-0.000999,0.000426
3699,0.000713,-0.000139,0.001746
3700,0.000041,-0.000006,0.001897
3701,-0.000193,0.000045,0.001876
3702,-0.000409,0.000161,0.001812
3703,-0.000302,0.000123,0.001582
3704,0.001156,-0.000114,0.001332
3705,0.000902,-0.000133,0.001519
3706,0.001123,0.000037,0.001083
